Compound Name	HT29_Ctrl1	HT29_Ctrl2	HT29_Ctrl3	HT29_Ctrl4	HT29_Ctrl5	HT29_Met1	HT29_Met2	HT29_Met3	HT29_Met4	HT29_Met5	HT29_Met6
Level	0	0	0	0	0	1	1	1	1	1	1
2-Aminobutyric acid	0.004107511	0.012406843	0.012017567	0.007199393	0.010647674	0.001791829	0.002376068	0.021538892	0.002445829	0.001432819	0.001291346
4-Aminobutyric acid	2.915421138	3.762293678	4.022506977	3.142635764	4.529302374	0.133822731	0.122735079	0.122047631	0.130905752	0.133645042	0.103650073
4-Hydroxyproline	9.365291677	12.71002352	15.09884381	9.465123424	16.83708985	2.146463059	2.638920732	2.66641507	2.239062341	2.105170307	1.710364624
5-Glutamylcysteine	0.107073599	0.13169225	0.166584323	0.156724164	0.190257168	0.037099879	0.038350762	0.044858126	0.034151332	0.040975858	0.040993403
Acetylcarnitine	1.904964435	2.697107127	2.930720952	2.116931409	3.110347417	14.05469664	13.50333423	17.14752309	15.09709935	13.52950383	13.2050129
Acetylcholine	0.000705923	0.000404213	0.001398133	0.000408721	0.000742028	4.82224E-05	0.000303085	0.00059832	0.000386897	0.000619404	0.000514942
Aconitic acid	0.028805367	0.037141637	0.034311588	0.025144852	0.045490426	0.001403263	0.001203026	0.001658858	0.001162384	0.000950854	0.001111887
Adenine	0.777421897	0.953599544	1.033841517	0.828616655	1.325548986	0.406441403	0.645305421	0.559263457	0.450946826	0.417239555	0.589087685
"Adenosine 3',5'-cyclic monophosphate"	0.020600292	0.02690867	0.027931344	0.021466012	0.035702295	0.00737566	0.009566512	0.009835311	0.007446653	0.005410537	0.007425539
Adenosine monophosphate	14.64685875	17.84969179	21.37538506	15.6115289	24.52500409	11.16849697	31.20810725	18.13616924	17.32459954	9.290213871	21.74504207
Adenosine	3.240940231	2.835951598	2.654259091	3.205488214	8.083251461	4.6370257	14.74749292	7.905281959	6.219701334	5.48338518	13.57424349
Adenylsuccinic acid	0.072631072	0.062820152	0.112133263	0.037911268	0.127217916	0.010872826	0.057824616	0.022815168	0.018806612	0.012919368	0.028915577
Alanine	0.266420225	0.364507073	0.462372296	0.244849229	0.427161769	0.172349931	0.198855945	0.189195819	0.153285991	0.15142116	0.103705182
Allantoin	0.008372942	0.009598094	0.010664431	0.007449214	0.011290075	0.004139158	0.003551695	0.004084324	0.00395251	0.003979387	0.004667706
Arginine	13.98741689	17.99179269	21.09369015	13.29686051	22.33025038	6.785897248	7.175725805	5.395369926	6.377797422	5.595785933	4.557525146
Argininosuccinic acid	0.051190798	0.063504203	0.082123239	0.045037924	0.072033762	0.0038479	0.004801593	0.001847546	0.004045902	0.003026901	0.002629183
Asparagine	1.97668855	2.6043262	3.053326513	2.017592364	3.319956922	0.523248752	0.663592772	0.697954132	0.556069373	0.541572371	0.485165202
Aspartic acid	1.771808431	2.04967742	2.310965586	1.68716286	2.499062822	0.064808322	0.070710606	0.085072009	0.070506469	0.068559007	0.05264366
Asymmetric dimethylarginine	0.114366532	0.185634032	0.202265925	0.144630716	0.218851012	0.039314828	0.041374995	0.051667348	0.035598498	0.03829348	0.032048163
Carnitine	4.722047515	6.352639032	6.191333858	4.256164754	7.536760803	1.255136596	1.636831788	1.639992527	1.207972189	1.403653587	1.130592642
Carnosine	0.010392795	0.012067077	0.015958271	0.013698531	0.020924289	0.006195816	0.008259195	0.007861852	0.006665535	0.005410995	0.006542237
Choline	9.281576186	10.63799845	11.92050862	9.681927815	13.90533733	7.392271021	10.46654116	10.07358925	8.186155769	8.341850801	7.551107469
Citicoline	0.003895895	0.005436186	0.00893177	0.00661256	0.009014248	0.409543888	0.274860616	0.448703969	0.31107766	0.311959596	0.19774601
Citric Acid	0.300381784	0.481496585	0.493892792	0.348921573	0.754559562	0.004699406	0.004474413	0.003885245	0.003320032	0.00298391	0.005359253
Citrulline	0.059244404	0.064641406	0.077475696	0.065068891	0.077846502	0.035479669	0.037245237	0.041211227	0.040160205	0.037166644	0.037288863
Creatine	53.45788469	68.52071937	70.63871751	55.32630258	84.39552426	30.23347528	31.23597817	35.36247083	30.65700342	28.07167788	25.22367767
Creatinine	35.43876835	48.96349514	46.99802897	33.61763887	57.44003105	3.649323278	4.569535407	4.704510701	4.214123539	4.055040118	3.43456906
Cystathionine	0.025667179	0.031019682	0.036479971	0.023313035	0.037922592	0.003525281	0.00384763	0.004589454	0.00346649	0.00407938	0.00341855
Cysteamine	0.003288616	0.004874843	0.003881224	0.004267949	0.007686415	0.001127954	0.001468405	0.001555715	0.001069572	0.000759535	0.000822366
Cysteine	0.018057665	0.025844051	0.039011356	0.020041186	0.035576713	0.007388549	0.008246137	0.009021894	0.005870457	0.006818649	0.003850969
Cystine	0.090387809	0.11838004	0.134242345	0.071518554	0.116305007	0.083092286	0.057777978	0.102519599	0.081330956	0.061316866	0.092336738
Cytidine monophosphate	0.446453005	0.545105574	0.789087481	0.47505042	0.759751314	0.117263271	0.188699192	0.149136411	0.132530274	0.090919218	0.099288432
Cytidine	0.831116009	0.750464185	0.772137888	0.940455823	1.488639654	0.196841715	0.642793135	0.339548953	0.273742332	0.240089941	0.525461316
Cytosine	0.286979176	0.236386585	0.245973837	0.294890835	0.495845692	0.06817165	0.219008003	0.114473593	0.089094323	0.082330524	0.175726483
Dimethylglycine	1.636104101	2.032689727	2.344407932	1.723645163	2.342070714	2.249365215	2.552912116	2.801889189	2.285775928	2.255169946	2.439054049
Dopa	0.001879756	0.002099563	0.001971963	0.003139552	0.004194806	0.000906201	0.001028873	0.001428003	0.000991311	0.001203667	0.000875678
Dopamine	0.006714876	0.006520028	0.007643695	0.006131933	0.009725839	0.003463149	0.003663726	0.004097001	0.003622006	0.004539621	0.003455205
FAD	0.024272129	0.035677108	0.0360725	0.035719975	0.052040028	0.013562042	0.010639814	0.018323508	0.014205748	0.012642035	0.014036156
FMN	0.001290732	0.001356728	0.001381989	0.001259236	0.001710483	0.000361762	0.000377921	0.000366719	0.00031211	0.000289851	0.000342175
Fumaric Acid	0.003786229	0.005542316	0.005973664	0.005719834	0.007795554	2.14228E-10	2.20818E-10	2.49673E-10	2.18259E-10	2.25577E-10	1.91874E-10
Glutamic acid	0.340484815	0.482400749	0.663614557	0.328440785	0.600618371	0.160989987	0.219250558	0.202748395	0.14610596	0.155495174	0.115885678
Glutamine	0.176016642	0.185813757	0.213857867	0.150208984	0.205322834	0.219108932	0.102717135	0.163761009	0.172742581	0.170669935	0.07920616
Glutathione oxidazed	1.545866988	1.961880463	1.793563668	1.451162748	2.295448396	0.394880439	0.456218453	0.48967018	0.452826469	0.340944689	0.406383518
Glutathione reduced	0.316556488	0.396124506	0.476371384	0.370994485	0.592820022	0.092607263	0.104468746	0.110380358	0.097195228	0.079764007	0.085491752
Glycine	1.065816143	1.19873489	1.522039412	1.047312897	1.57101324	0.933996185	0.967323512	1.303122249	0.971622645	1.01542357	0.802776636
"Guanosine 3',5'-cyclic monophosphate"	0.00102284	0.001695312	0.001713194	0.001458626	0.002321866	0.00144213	0.001135306	0.001099047	0.000781421	0.000775832	0.000517217
Guanosine monophosphate	2.217518369	2.461839904	3.356704088	3.039546798	3.874453212	4.930247472	7.176064998	6.756182166	5.058332982	4.414473699	6.093328382
Guanosine	0.03822486	0.03269493	0.045439149	0.031788294	0.157281263	0.145670974	0.306298979	0.205007983	0.155629183	0.25743821	0.271790353
Histidine	4.409138569	4.945115545	5.289007377	4.309365358	6.144135607	2.394017372	2.908296858	3.040800721	2.623355971	2.424866344	2.455777554
Homocysteine	0.034352955	0.048640016	0.035759568	0.028277675	0.054230455	2.14228E-10	2.20818E-10	2.49673E-10	2.18259E-10	2.25577E-10	1.91874E-10
Hypoxanthine	0.1240284	0.165317448	0.217009492	0.146742387	0.174550431	0.56009088	1.370251345	0.81832124	0.564316262	0.595108408	0.885353856
Inosine	0.06206135	0.062428417	0.081998385	0.045454513	0.219567655	0.314423327	1.046248808	0.507592681	0.356299075	0.432130913	0.685729951
Isoleucine	25.1223471	30.60750762	34.34410793	25.92900505	37.57410635	16.00101928	20.08567295	20.56947993	17.13228841	15.90598418	17.51738251
Kynurenic Acid	0.001986916	0.002263673	0.002667854	0.002051473	0.002837332	0.000960095	0.001335788	0.001356689	0.001080868	0.000938461	0.001431958
Kynurenine	0.022065507	0.028726876	0.029300426	0.025416062	0.041024742	0.008497726	0.010182397	0.010325842	0.007642263	0.00783294	0.009739207
Lactic Acid	0.373946611	0.531671855	0.525825145	0.416704044	0.595133195	0.080477195	0.136088671	0.090067457	0.089758187	0.082261102	0.08728586
Leucine	25.47112014	31.62505363	34.41939227	26.60745515	38.33023232	17.40314986	23.39526611	23.02397274	18.55889051	17.33155934	19.46285301
Lysine	0.69579887	0.754479088	0.94726812	0.677397571	0.957404753	0.672398964	0.6777297	0.766825134	0.680747268	0.590344085	0.581322102
Malic Acid	0.041439984	0.06767345	0.060928054	0.050140591	0.074244917	0.00106428	0.000937041	0.000744359	0.000868743	0.000803881	0.000608666
Methionine sulfone	0.000352785	0.000323293	0.000492571	0.000247933	0.000669135	2.14228E-10	2.20818E-10	2.49673E-10	2.18259E-10	2.25577E-10	1.91874E-10
Methionine sulfoxide	0.007483068	0.009248936	0.013039383	0.010115333	0.01166297	0.008367864	0.007443692	0.008950556	0.006749041	0.007643688	0.006455304
Methionine	3.324528189	3.955068039	4.47059502	3.48829088	5.146650009	1.802375751	2.276336101	2.324958991	1.923345154	1.760544336	1.9459523
NAD	0.318898156	0.451533098	0.433627244	0.352628465	0.566817522	0.190689004	0.223729895	0.242062381	0.189009078	0.194295433	0.1984778
Niacinamide	2.343683812	2.415817158	2.829336579	2.439610783	2.953272734	0.845324543	1.1360493	1.033384443	0.811171458	0.963645125	0.651135511
Nicotinic acid	0.005855177	0.006943895	0.007558396	0.005745426	0.007976055	0.004234984	0.003603337	0.00522366	0.00652133	0.004665851	0.004264558
Ophthalmic acid	0.021173457	0.030390324	0.02623031	0.02178755	0.039228312	0.000647148	0.001379442	0.00096146	0.00057583	0.000348145	0.000874424
Ornitine	0.336825781	0.445764157	0.512558261	0.345031101	0.574686848	0.092040545	0.116651732	0.123728859	0.099082061	0.093537569	0.089767832
Orotic Acid Pos	0.286975549	0.325540442	0.35412	0.280429188	0.416624471	0.16860761	0.177959649	0.180724417	0.170799321	0.153383526	0.170651676
Pantothenic acid	1.267389776	1.701079951	1.660898259	1.34807808	2.106153554	0.170582812	0.303652088	0.241699292	0.190585142	0.173622441	0.226957352
Phenylalanine	17.37427221	21.75144674	23.08377972	19.00793182	28.67330694	8.751601286	11.1244063	11.15325301	8.60981612	8.308466307	9.457545007
Proline	21.96224234	30.97767592	33.4740402	23.49117517	37.6055536	6.578575731	8.482693349	7.383565936	6.804099739	6.194751508	6.050371162
Putrescine	11.67030148	14.31653131	16.16782643	11.84089076	16.49033103	8.268129414	8.675186695	9.675223702	8.40874663	9.020187917	8.873059791
S-Adenosylhomocysteine	0.204642841	0.266008526	0.325470769	0.301868585	0.41223826	0.087033024	0.110937776	0.111273124	0.083357975	0.088773711	0.094033987
S-Adenosylmethionine	1.487283249	2.830694585	2.371983171	2.373059341	3.8329678	2.13908421	1.648067189	2.280345876	1.565681119	2.224258706	2.227755397
Sarcosine	1.094704991	1.325845336	1.418054316	1.114351297	1.62949373	0.575675027	0.611131209	0.707214284	0.58525508	0.563490165	0.486259025
Serine	1.048378625	0.930921092	1.383599004	0.843685193	1.081535495	0.762800102	1.249528214	1.159645941	0.924002978	0.745429817	0.885630368
Spermidine	33.68745516	47.2021515	48.02778461	39.72050279	57.0860574	15.28510929	18.96439826	21.29944776	15.84864677	15.17040132	16.18063186
Spermine	45.00696509	62.80339064	61.89150014	51.88285918	74.76113653	14.18894505	15.13792911	17.95272417	13.67501619	13.42343378	13.29757881
Succinic acid	0.041865595	0.058234741	0.060853514	0.050944391	0.135865155	0.023657386	0.024656499	0.026747425	0.02094434	0.02318068	0.0221455
Symmetric dimethylarginine	0.238651652	0.32137466	0.343769582	0.265549128	0.380669041	0.013325969	0.011523266	0.016945459	0.010312039	0.012697871	0.007512908
Taurine	3.1334904	3.950917018	4.246135343	3.061273689	4.602819946	1.29103174	1.359572668	1.609104276	1.325954392	1.342867793	1.150042146
Threonine	1.134861892	1.461175754	2.317929494	1.089302362	2.040813959	0.498223639	0.594491678	0.591901672	0.477362212	0.446067956	0.251320626
Thymidine monophosphate	0.059015301	0.058455951	0.057134261	0.051762331	0.062080222	0.037694942	0.042518016	0.056111247	0.040718685	0.046028247	0.051328218
Thymidine	0.003096425	0.002764301	0.003670574	0.002543342	0.003132927	0.001653029	0.001633845	0.001696284	0.002201145	0.001862478	0.001296344
Tryptophan	1.877989308	2.299300468	2.398620937	2.009089879	3.044967406	1.000562058	1.27491563	1.2544441	1.008865817	0.990489695	1.158950103
Tyrosine	6.277288306	7.913367612	8.381807652	6.762127933	10.15700958	2.795140813	3.486504809	3.648802454	2.885009626	2.719406229	2.900666973
Uracil	0.0471493	0.052452558	0.071989992	0.057650752	0.083901924	0.048437344	0.075744101	0.070300914	0.048595357	0.040326963	0.044472173
Uric acid	0.000289732	0.000352417	0.000533592	0.000386894	0.000482588	0.000819099	0.001680649	0.001433672	0.001260668	0.001066657	0.001233399
Uridine	0.292663404	0.353868366	0.412700252	0.374221533	0.606655052	0.077620709	0.187125407	0.127538048	0.088438119	0.106129092	0.111263914
Valine	9.745721243	10.5646581	12.57660131	9.293789425	12.90071243	7.490299186	8.999893976	9.391125474	7.811465211	7.059553436	7.410762508
Xanthine	0.016350276	0.02730758	0.023839755	0.019478074	0.034381911	0.022015967	0.028775093	0.02630312	0.018394098	0.021953992	0.022330267